Station Name         : KAVV    
Component Name       : HHE     
Stn Latitude         : -12345
Stn Longitude        : -12345
No. of Data Points   : 418
Sampling Interval    : 0.01
File Type            : 1
 (1) Time Sequence 
 (2) Spectral File (Real-Imaginary) 
 (3) Spectral File (Amplitude-Phase) 
Year,Julienday       : 2019,269
hh:mm:ss.msec        : 13:58:57.520
-12036 
-11470 
-12634 
-11594 
-12503 
-11446 
-11873 
-11116 
-10935 
-11133 
-10176 
-11061 
-10221 
-11231 
-10328 
-11342 
-11228 
-11641 
-12149 
-11554 
-12419 
-11217 
-12197 
-11383 
-12077 
-11404 
-11501 
-11757 
-11162 
-11897 
-11106 
-11897 
-10808 
-11376 
-10835 
-11483 
-11741 
-11675 
-12353 
-11173 
-11387 
-9740 
-10660 
-10231 
-10890 
-10955 
-10862 
-11454 
-10491 
-11469 
-10160 
-11376 
-10997 
-11959 
-11561 
-11541 
-12066 
-10951 
-11555 
-9943 
-11166 
-9914 
-10783 
-10603 
-11191 
-11722 
-10782 
-11921 
-10734 
-11905 
-10676 
-11458 
-11078 
-11312 
-11685 
-10725 
-11267 
-9973 
-11142 
-10324 
-10758 
-10200 
-10399 
-11125 
-10720 
-11570 
-11028 
-11836 
-10887 
-11463 
-10929 
-10934 
-11372 
-11051 
-11239 
-10214 
-11250 
-10565 
-10991 
-10201 
-10473 
-10685 
-10395 
-10932 
-10563 
-11556 
-10419 
-11434 
-10821 
-11267 
-11110 
-11308 
-11921 
-11204 
-12199 
-10729 
-11718 
-10850 
-11435 
-11016 
-10753 
-11331 
-10858 
-12151 
-10826 
-11605 
-10700 
-11231 
-10844 
-11100 
-11830 
-10899 
-11776 
-10425 
-11209 
-10062 
-10684 
-10585 
-11031 
-11917 
-11092 
-11982 
-11010 
-11909 
-10673 
-11538 
-11463 
-11819 
-12618 
-12117 
-12901 
-11677 
-12273 
-11361 
-12403 
-11987 
-11545 
-11679 
-11268 
-11571 
-10517 
-11316 
-10421 
-11297 
-11304 
-11819 
-11677 
-11735 
-12350 
-10826 
-11591 
-10603 
-11982 
-11967 
-12485 
-12221 
-11374 
-11592 
-10276 
-11387 
-10704 
-11825 
-11286 
-12301 
-12017 
-11241 
-11599 
-10219 
-10932 
-10061 
-11646 
-11266 
-12605 
-12450 
-11536 
-11434 
-10337 
-11301 
-10739 
-12452 
-12074 
-12908 
-12538 
-11546 
-10937 
-10339 
-11237 
-10986 
-12581 
-12087 
-12592 
-11399 
-11074 
-11337 
-11329 
-12599 
-11962 
-13246 
-12106 
-12318 
-11384 
-10959 
-10862 
-10233 
-11189 
-10840 
-12359 
-11867 
-12646 
-11033 
-10764 
-10491 
-10318 
-11496 
-11084 
-12820 
-11888 
-12813 
-11773 
-11829 
-11183 
-10682 
-11472 
-11063 
-12348 
-11708 
-12764 
-11047 
-10679 
-10035 
-10357 
-11469 
-11386 
-12826 
-11409 
-11579 
-9340 
-9799 
-10723 
-11983 
-13384 
-12684 
-12974 
-10692 
-10816 
-9608 
-10554 
-10952 
-11513 
-12310 
-11382 
-11629 
-10191 
-10670 
-9412 
-10177 
-10623 
-11622 
-12851 
-12752 
-12721 
-10390 
-10094 
-8969 
-10066 
-10023 
-11229 
-12615 
-12757 
-12878 
-11354 
-11775 
-10277 
-11026 
-10297 
-10843 
-11289 
-11758 
-12109 
-10531 
-11314 
-10618 
-12552 
-12066 
-12415 
-11566 
-10381 
-10285 
-9529 
-11544 
-11693 
-13264 
-12263 
-12744 
-11477 
-10125 
-9835 
-9170 
-10862 
-10699 
-13142 
-12837 
-13855 
-12382 
-10745 
-9886 
-8955 
-10947 
-11308 
-13848 
-13560 
-14127 
-12117 
-10289 
-9123 
-8371 
-9704 
-9641 
-12308 
-12832 
-13824 
-12229 
-10966 
-9889 
-8715 
-9695 
-10087 
-12408 
-12470 
-13280 
-11723 
-10617 
-9564 
-9323 
-10827 
-10766 
-12514 
-11988 
-12532 
-10951 
-10838 
-10376 
-10505 
-12046 
-12015 
-13131 
-11520 
-11659 
-9801 
-10152 
-10071 
-10474 
-11972 
-12290 
-13319 
-11664 
-11870 
-10120 
-10227 
-10096 
-10940 
-11870 
-11961 
-12585 
-10603 
-10593 
-9055 
-10255 
-10650 
-11750 
-12227 
-12074 
-12831 
-10688 
-11018 
-9155 
-9684 
-9820 
-11316 
-12002 
-11397 
-11750 
-10143 
-10986 
-10006 
-11474 
-11676 
-12973 
-12872 
-11540 
-11269 
-9467 
-10053 
-9417 
-10777 
-10633 
-11967 
-12152 
